baseMean	log2FoldChange	lfcSE	stat	pvalue	padj
nbisL1-transcript-10093	522.88733900918	-1.29364611628076	0.351332737250895	-3.68211094247371	0.000231310704362012	0.02112413193007
nbisL1-transcript-10094	2719.2602490094	-0.629611211772156	0.153049997781751	-4.11376165238485	0.000038926336063999	0.00652983476668207
nbisL1-transcript-10098	10435.6931108804	-1.28087717229583	0.363985668642848	-3.5190318813147	0.000433124655518482	0.0324200123450293
nbisL1-transcript-10135	175.110874917266	-8.27616553597861	2.17431857024141	-3.8063261056818	0.000141046381892902	0.0151841320032025
nbisL1-transcript-10138	8.25429445030125	-16.3288880503612	4.77319207367831	-3.42095767325321	0.000624010431630279	0.0412967843752718
nbisL1-transcript-10141	83.2881157344609	-20.372582373695	4.50242529193175	-4.52480186849569	0.00000604521117483183	0.0014531310753793
nbisL1-transcript-10198	154.634811581517	-20.2493443409283	2.13961199014191	-9.4640263908716	0.00000000000000000000296308484511795	0.00000000000000000836152912443833
nbisL1-transcript-10312	1253.41970715171	-0.504102255143333	0.11210605994464	-4.49665482305121	0.00000690309186259507	0.00158403860492966
nbisL1-transcript-10353	5904.2344509515	-0.88325554896926	0.208606999037459	-4.23406478711031	0.0000229504778911241	0.00434841005420881
nbisL1-transcript-1039	104.19631864319	-0.866023104390745	0.248261330527768	-3.48835278756343	0.000486006364887448	0.034897235650786
nbisL1-transcript-10524	33.4085536893271	1.94202900563187	0.519030005883718	3.74165074006715	0.000182815469029913	0.0181012972651056
nbisL1-transcript-10546	4693.02560532727	-1.42307771755372	0.340792978029145	-4.17578356744198	0.0000296962067567158	0.00533756215584563
nbisL1-transcript-10755	365.107341873714	-6.82524153626608	1.44395922291541	-4.72675504124393	0.00000228136201206042	0.000684869729982265
nbisL1-transcript-10759	85.4249582673713	-8.28462606051634	1.84022406038455	-4.50196595015996	0.00000673277698927166	0.00157018375091122
nbisL1-transcript-10767	887.949171086723	-0.882894854329963	0.198406269872158	-4.44993424299974	0.00000858965852581838	0.00187900444914782
nbisL1-transcript-1077	308.760257693239	-3.10449341660503	0.83004495790694	-3.74015092439498	0.000183909794146418	0.0181459807028594
nbisL1-transcript-10903	606.610352149725	-1.43262923879946	0.326143636341777	-4.39263281316381	0.0000111986175482906	0.00239404385299403
nbisL1-transcript-10919	277.958098019102	-2.96893407761756	0.789482303464056	-3.76060877437101	0.00016950034885889	0.0172676185720181
nbisL1-transcript-10967	298.550370447883	-3.80038457080308	0.815436012498623	-4.66055522757465	0.00000315357526741792	0.000889907404712662
nbisL1-transcript-10968	8.16423492166329	-5.2414780682509	1.5246484246532	-3.43782735973584	0.000586401434190338	0.039778033825522
nbisL1-transcript-10997	1276.42372149182	0.42294084044431	0.119831482988981	3.52946345897432	0.000416403204201744	0.0315026327597024
nbisL1-transcript-11002	3218.66470338938	-0.330452363585695	0.0880058753937474	-3.75488979692795	0.000173417763792866	0.0175400569049136
nbisL1-transcript-11019	461.685592402622	-1.02151807722056	0.206462842421233	-4.94770906590747	0.000000750920322499081	0.000286354332170291
nbisL1-transcript-11044	187.473520012218	-6.94751248598981	1.53579836457514	-4.52371394985289	0.00000607638353218604	0.0014531310753793
nbisL1-transcript-11099	13930.117437189	-1.1001746496688	0.255866184511265	-4.29980480527454	0.0000170948609913357	0.00342127576109576
nbisL1-transcript-11183	3691.30707931961	-0.646806245797182	0.16911248059335	-3.8247102965304	0.000130925949609512	0.0145004674487887
nbisL1-transcript-11228	9.55942940590039	-6.29843403708499	1.81288182036603	-3.47426620220247	0.000512252556888811	0.0361381372571134
nbisL1-transcript-11250	471.870660104415	-1.07278886339558	0.286328348122546	-3.74670852687082	0.00017917006852947	0.0179016675252135
nbisL1-transcript-11377	42.6531738021161	-9.32579050654269	2.63287807713965	-3.5420517902121	0.000397027514553351	0.0305278458669782
nbisL1-transcript-11445	1323.7215809645	-1.62918954534806	0.482111242910336	-3.37928137811767	0.000726755838622365	0.045172517643358
nbisL1-transcript-11501	179.749782773824	1.97931162396752	0.499391389120513	3.96344764264623	0.0000738750713996405	0.00983339924446442
nbisL1-transcript-11503	235.579967541372	1.69691548336531	0.435103777169159	3.90002471227821	0.0000961828700497775	0.011746939892228
nbisL1-transcript-11558	13.5568869817306	-5.66706403511662	1.4231516367869	-3.98205215005153	0.0000683227832308573	0.00935922631063865
nbisL1-transcript-11679	60.764465114641	-3.48208215153849	0.916166509818953	-3.80070883864397	0.000144282758278355	0.0151841320032025
nbisL1-transcript-11749	16.8505854902673	-16.8863667249474	3.32526903690899	-5.07819563996668	0.000000381036227097211	0.000160484496902331
nbisL1-transcript-11789	77.8998769089294	1.20288322905014	0.276531750209834	4.34989193153186	0.0000136204639705103	0.0027851874839408
nbisL1-transcript-11893	48.5466745752817	-4.91852027042448	1.38184192485619	-3.55939429970353	0.000371711099626763	0.0296308348032984
nbisL1-transcript-11937	4240.53054922641	-2.39943393822334	0.631414463732075	-3.80009340305749	0.000144641560056722	0.0151841320032025
nbisL1-transcript-11955	1693.31423212061	0.347150941831347	0.102190834072194	3.39708492432989	0.000681078264606114	0.0433845317131375
nbisL1-transcript-12086	811.026235304706	-2.89260075578568	0.783187839346433	-3.69336781097053	0.000221303572064471	0.0205426496713398
nbisL1-transcript-12088	806.643178169775	-3.0358753790718	0.900819860091902	-3.37012483135316	0.000751341387150826	0.0463140929116641
nbisL1-transcript-12099	241.384682462133	1.40676115886576	0.377451178568542	3.72700163290205	0.000193771203638243	0.0187904797095106
nbisL1-transcript-12167	249.403244674624	-4.37287287678027	1.11339291238955	-3.92751995106134	0.0000858263032880815	0.0108121984485999
nbisL1-transcript-12417	208.304066788351	-6.26599928595531	1.36571122883737	-4.58808506047765	0.00000447330379837965	0.00117973981202313
nbisL1-transcript-12472	3393.13454890186	0.330597968381984	0.0977118074255289	3.3833983537143	0.000715947040260379	0.044697587453778
nbisL1-transcript-12606	17.4980020336819	-4.63413967170661	1.10387653550602	-4.19805976723867	0.0000269211589100177	0.00494888497575147
nbisL1-transcript-12662	53.1271809398978	1.31419627001694	0.352303634944615	3.73029438150288	0.000191256174393922	0.0186105447766279
nbisL1-transcript-12714	241.900157594816	-2.40931521489718	0.678573151832484	-3.55056077357442	0.000384411371379643	0.0298013859586872
nbisL1-transcript-12715	641.056961539928	-7.55119462478416	1.49989167101869	-5.03449333754587	0.000000479114339506001	0.00019882540509588
nbisL1-transcript-1285	66.8548148298211	1.1727073172888	0.316261357583569	3.70803226245851	0.00020887604927712	0.0196475774485035
nbisL1-transcript-12928	133.72812789008	-1.16201844293025	0.346335262740529	-3.35518374229431	0.000793122857339911	0.0480281843589591
nbisL1-transcript-12930	77.9083427405698	-18.9628690201484	1.9273348431333	-9.8389073843132	0.0000000000000000000000765375075544237	0.000000000000000000269976490709785
nbisL1-transcript-13139	414.999394587075	-0.616122539115563	0.166934803731689	-3.6907973972033	0.000223552148477956	0.020683337960326
nbisL1-transcript-1318	15.102911389489	-6.08028791651313	1.49859098794963	-4.05733650169094	0.0000496355417552523	0.00748579228225774
nbisL1-transcript-13217	1887.91056713717	-0.784244099665629	0.215187771988973	-3.64446405303094	0.000267949580995596	0.0232867104526175
nbisL1-transcript-13226	6951.48877285715	0.592153422664204	0.170478793852893	3.47347261956333	0.000513769780776797	0.0361547866427442
nbisL1-transcript-13247	21.8366248960559	-18.8130948629627	4.15593992157713	-4.52679663757588	0.00000598845177431746	0.0014531310753793
nbisL1-transcript-13312	40.412235228134	-6.55281823092364	1.59979784097691	-4.09602892508104	0.0000420297440285115	0.00678569847127843
nbisL1-transcript-13322	87.255848615147	-1.45134596986136	0.353729649590168	-4.1029808260147	0.0000407861062463124	0.00673066159160637
nbisL1-transcript-13409	59.2997124199818	-21.3607627311469	4.69460790620448	-4.55006321250303	0.00000536298020944193	0.00135123159402002
nbisL1-transcript-1367	1478.30659569722	-12.5352094618473	1.94488815845585	-6.44520838247054	0.000000000115441692800026	0.000000120653671449035
nbisL1-transcript-1374	28.1973348095545	-1.67628957770517	0.49979171126301	-3.35397634640451	0.0007965917200652	0.0481349502109633
nbisL1-transcript-13749	8696.4411577576	0.921705203017582	0.225456262314437	4.08817742987377	0.0000434775570363104	0.00693159989834827
nbisL1-transcript-13794	359.209751356345	-6.04556507302203	1.54428404053814	-3.91480123754649	0.0000904787117243013	0.0111248345752955
nbisL1-transcript-1381	446.949566387466	-2.19294808449676	0.392771095240764	-5.58327257547429	0.0000000236034370681161	0.0000128089498197148
nbisL1-transcript-1382	49.5933539813695	-2.17479746444206	0.521911602379928	-4.16698432172219	0.0000308655717174484	0.00547795954902313
nbisL1-transcript-13876	982.224119777985	0.801516023210619	0.237758498579908	3.37113511398305	0.000748591331126558	0.0463140929116641
nbisL1-transcript-13936	1142.39939739767	-1.45931144283277	0.41086197400837	-3.55182892345993	0.00038256350561284	0.0297398335120902
nbisL1-transcript-14003	8.84804491306732	-18.5356351769138	4.81959372056837	-3.84589163559785	0.000120114842944868	0.0137227560852681
nbisL1-transcript-14215	4788.17521004171	-0.74504298543761	0.194960781812465	-3.82150183493967	0.000132641426888611	0.0145664306910396
nbisL1-transcript-14364	82.2851693905077	-2.8362515709438	0.721563654094631	-3.93070182353148	0.0000846982609510947	0.0107662172332385
nbisL1-transcript-14499	19.9541597834848	-17.9664388345228	2.68340072779452	-6.69539910622642	0.0000000000215083801577239	0.0000000263889121596004
nbisL1-transcript-14560	3433.47665712155	0.221707361658762	0.0597834066733155	3.70851000295575	0.000208482425984031	0.0196475774485035
nbisL1-transcript-14752	101.845229859077	-4.18500447955813	1.07815980973015	-3.88161795847832	0.000103763799629478	0.0125132934262574
nbisL1-transcript-14761	510.725657061682	-2.85232820021865	0.608808153203154	-4.68510184236454	0.00000279820760753723	0.000797602227041345
nbisL1-transcript-14762	281.35004142018	-2.29759029970139	0.670815606718359	-3.42506983542205	0.000614641408259633	0.0410168384663392
nbisL1-transcript-14980	132.430204246984	3.15325400723374	0.825652918689884	3.81910356743753	0.000133937523864976	0.0146495464571541
nbisL1-transcript-14994	503.663015703518	1.89114196759844	0.476650377303137	3.96756628684198	0.0000726103199493219	0.00971085601255884
nbisL1-transcript-1506	314.357009126351	0.516482729679441	0.150587444454363	3.42978613888336	0.000604057149113289	0.040585449263876
nbisL1-transcript-1519	25.1606774386971	-7.47910956695356	1.86884461149722	-4.00199648539089	0.0000628102319336573	0.00894379450290866
nbisL1-transcript-15194	3238.33180009142	-0.655408266509363	0.185173454490767	-3.53942884692494	0.000400993852791821	0.0306657060485973
nbisL1-transcript-1520	8.52961827859925	-7.14998350391631	1.85023418638996	-3.86436676854773	0.000111377762026161	0.0130552640802931
nbisL1-transcript-15349	11.6266053994491	-17.5982173589368	2.86673662173294	-6.13876322837734	0.000000000831664149607516	0.000000651909184382625
nbisL1-transcript-15365	152.968453884405	-1.08815852641567	0.297077349363979	-3.66287947817408	0.000249395896988237	0.0222009552590254
nbisL1-transcript-15366	304.999172306597	-0.769863202632936	0.227269942024049	-3.38743960497632	0.000705482477494271	0.0442400222942463
nbisL1-transcript-15395	11.6942017209153	-4.93607003201166	1.3156627060061	-3.75177468319055	0.000175587234947384	0.0176960577963579
nbisL1-transcript-15516	42.163002632525	-17.6183030722343	2.95044316777175	-5.97140906311376	0.00000000235213156405645	0.0000015168089423786
nbisL1-transcript-15611	60.9999140269945	-4.22135039198994	1.05253784469508	-4.01064001001585	0.0000605543787154788	0.00871828578046987
nbisL1-transcript-15616	1175.90178516743	-1.3368234519283	0.346931966184364	-3.85327263622025	0.000116549489471723	0.0134791395221416
nbisL1-transcript-15626	21.8084380902951	-6.56412961233172	1.62510218791773	-4.0392103715905	0.0000536314472908795	0.00792369534608026
nbisL1-transcript-15676	864.596413923965	-1.54159436784938	0.414910646956127	-3.71548519942508	0.000202814137422292	0.019205409878925
nbisL1-transcript-15723	268.077475530524	-3.70085153594979	1.07060915286793	-3.45677180699977	0.00054668757069607	0.037904119305829
nbisL1-transcript-15841	918.517986046051	1.41134666083406	0.288419220491033	4.89338629523802	0.000000991155883484309	0.000354043390835996
nbisL1-transcript-15883	19.8673502712049	-18.1234017274756	4.77624646160979	-3.79448629235252	0.000147949454849474	0.0154629098755456
nbisL1-transcript-15885	58.3948621848916	-4.93992300497125	1.24967874088098	-3.95295434208058	0.0000771921706506818	0.010084656775887
nbisL1-transcript-15886	13.9267948539274	-18.0290392374989	4.1178564801212	-4.37825828183509	0.0000119631525633065	0.00252833470829707
nbisL1-transcript-16254	1307.23352168355	-0.458030374831982	0.11100881065742	-4.12607226506994	0.0000369011357249139	0.00623540807797213
nbisL1-transcript-16297	12.1204224288606	-2.53019974011429	0.590678572668578	-4.28354752853708	0.0000183936784245573	0.00360452230182348
nbisL1-transcript-16434	5636.69894846617	-1.18960622934145	0.333750663840458	-3.56435614435246	0.00036475042817194	0.0294082638073828
nbisL1-transcript-16466	2413.31285331803	-2.57991915016374	0.523777487219083	-4.92560144931281	0.000000841012622643409	0.00031175753054822
nbisL1-transcript-16474	112.439936802798	-2.49017286986626	0.684900235359415	-3.63581838829343	0.00027709950922929	0.023839850765065
nbisL1-transcript-16528	204.472899982769	1.8312263698859	0.431845615496954	4.24046535190264	0.0000223056865602832	0.0042819331227526
nbisL1-transcript-16749	113.927659323025	-1.52620713779176	0.382949623930487	-3.98539923378746	0.0000673667617403558	0.00927328121732244
nbisL1-transcript-1682	1760.44663293603	-0.836377173440934	0.187639520893901	-4.45736148470478	0.00000829746176854746	0.00184110231947616
nbisL1-transcript-1683	46.3161268434964	-1.75406377771	0.408894783614327	-4.28976804792023	0.000017885982280011	0.0035295421955219
nbisL1-transcript-16843	86.7434905664868	-6.24478698052563	1.52470149774924	-4.09574397988339	0.0000420814781698049	0.00678569847127843
nbisL1-transcript-16848	22.4053927356363	-2.83292599735716	0.796458018025498	-3.55690561616828	0.000375248900259436	0.029707341297099
nbisL1-transcript-16964	21.8748887858426	-3.3647990664063	0.986026161939212	-3.41248457321737	0.000643735704151715	0.0417322158999862
nbisL1-transcript-16965	101.679061277482	-2.74217516061951	0.769615499895518	-3.56304565200647	0.000366576899046254	0.0294713205532372
nbisL1-transcript-16966	283.619507649732	-2.56480838742809	0.669063613359947	-3.83342979085048	0.00012636888016794	0.0142321190968627
nbisL1-transcript-16976	31.0078166151302	-1.79510109007816	0.441819163450229	-4.06297697922372	0.0000484508094981748	0.00743061626754888
nbisL1-transcript-17034	5242.55973005777	-1.09115139918246	0.31971637120908	-3.41287308828141	0.000642818704092979	0.0417322158999862
nbisL1-transcript-17092	11.4610391231467	-17.8076237079826	2.88650016349452	-6.16927860708102	0.000000000686022569770539	0.000000569378555775142
nbisL1-transcript-17095	72.5751583183557	-2.32330848382007	0.65178667860454	-3.56452281104336	0.000364518750861555	0.0294082638073828
nbisL1-transcript-17197	910.544233386373	1.68749943523714	0.282638841558709	5.97051497214908	0.00000000236505877120587	0.0000015168089423786
nbisL1-transcript-17198	583.386280393457	2.27832494471032	0.575966648240127	3.95565429295562	0.000076325468037146	0.0100178064304196
nbisL1-transcript-17314	180.571245360705	-3.96310702026607	1.17849368649794	-3.36285808373145	0.000771400089993919	0.0472193907582178
nbisL1-transcript-17316	17.5633155733469	2.90842520098347	0.752298798283832	3.86605057407809	0.000110612010113055	0.0130552640802931
nbisL1-transcript-1733	2012.40213222633	-0.437366712649419	0.109973153685009	-3.97703164812521	0.0000697808808113049	0.00937688893149625
nbisL1-transcript-17355	298.248676014464	-1.02280351533955	0.24614424239795	-4.15530140122451	0.0000324859015708696	0.00569391090949297
nbisL1-transcript-17366	35.4297007890528	-2.5556016122951	0.738733685973839	-3.45943560015971	0.000541308704213848	0.0377165193190384
nbisL1-transcript-1743	634.323572951104	-1.45189169147011	0.338278172365459	-4.29200524916385	0.0000177066761872302	0.00351876546005246
nbisL1-transcript-1755	2837.370001883	-0.31234190792762	0.0879317592528364	-3.5520943807063	0.000382177750799659	0.0297398335120902
nbisL1-transcript-17627	331.763944983012	-8.90419721354087	1.88269912008059	-4.72948498173183	0.00000225090104106369	0.000683230439765313
nbisL1-transcript-17628	250.476282561676	-20.1413960233799	2.01755751105399	-9.9830591757743	0.0000000000000000000000180804662980737	0.0000000000000000000970905546395948
nbisL1-transcript-17702	77.1673215613341	-4.40031919527687	0.881755388774197	-4.99040805567872	0.000000602518749156625	0.00024641270409349
nbisL1-transcript-1783	83.7696400334638	-20.1573891990483	1.73907041538021	-11.590898804774	0.000000000000000000000000000000458297864030844	0.0000000000000000000000000129327074250864
nbisL1-transcript-1785	53.3723110619468	-19.2929987184346	1.93149448467189	-9.98863774737205	0.0000000000000000000000170914340976103	0.0000000000000000000970905546395948
nbisL1-transcript-18101	4836.82066675914	-0.486782045778293	0.130772211247181	-3.72236609854515	0.00019736457903318	0.0188794273075841
nbisL1-transcript-18136	18.2769812934064	-7.86046357946306	1.81002861720375	-4.34272889652232	0.0000140723744563679	0.00283648810560176
nbisL1-transcript-18164	1287.19533850202	-0.672919110249789	0.138086260263512	-4.8731793370727	0.00000109816449790581	0.000382581530449433
nbisL1-transcript-18211	68.3435852040129	-5.66651654895321	1.68873052037547	-3.35548891938859	0.0007922483022707	0.0480281843589591
nbisL1-transcript-18302	3576.359778	-1.9567734452844	0.289146025900756	-6.76742292821976	0.0000000000131096443612337	0.0000000168155024649842
nbisL1-transcript-18341	68.8895374446142	-4.59705407042211	1.32702852404056	-3.46417125716703	0.000531867786665179	0.0372426230072076
nbisL1-transcript-18343	1843.8836196863	-8.03429890433044	1.17493033542084	-6.83810661970245	0.00000000000802466669412065	0.000000010783241401971
nbisL1-transcript-18344	1492.10444959752	-8.62148275562842	1.40845967809537	-6.12121375550279	0.000000000928652247461414	0.000000708260480300369
nbisL1-transcript-18526	46.5405858073099	-4.16590857094943	1.00405158433297	-4.1490981498894	0.0000333787682909677	0.00581429297779517
nbisL1-transcript-18659	45.7794892610855	-17.908138974077	2.45966456849756	-7.28072404808264	0.00000000000033203324857388	0.000000000585602890094146
nbisL1-transcript-18662	382.311414417996	-8.19828414247711	2.02325536070306	-4.05202640344336	0.0000507759331856627	0.00754129504508535
nbisL1-transcript-18663	124.863985962946	-19.3988352888675	2.53869513239211	-7.64126225372668	0.000000000000021510242018762	0.0000000000404665013018296
nbisL1-transcript-18707	1797.35227849894	-5.13418226778548	1.03697116585246	-4.95113310461707	0.000000737826154928224	0.000286354332170291
nbisL1-transcript-18816	1281.14014365309	-4.08401660431501	0.89439937674577	-4.56621137100354	0.00000496618023863953	0.0012625282896772
nbisL1-transcript-18819	12175.1403859902	-0.359265799169844	0.0964798663257963	-3.72373856693233	0.000196294196105574	0.0188409044894667
nbisL1-transcript-18826	116.61644470761	-4.60933312926083	1.31458502713314	-3.5063027754948	0.000454378031744931	0.0334322518633023
nbisL1-transcript-18957	370.298894370712	-6.90666362995639	1.91604103253412	-3.60465329952865	0.000312569908126148	0.0258663056815595
nbisL1-transcript-19125	153.535940440496	-1.61992734510714	0.473671420260258	-3.4199389615212	0.000626351880386134	0.0412967843752718
nbisL1-transcript-19138	505.451159742239	-0.490062849288896	0.1420639456837	-3.44959339915845	0.000561431478186332	0.0386415484949759
nbisL1-transcript-19268	32.3886719365942	-3.17836774479438	0.811648506224968	-3.9159411006338	0.0000900522330169352	0.0111248345752955
nbisL1-transcript-19485	61.3745995279548	-4.11086836336816	1.15188096969302	-3.56883087014079	0.000358577803405462	0.0290767443514331
nbisL1-transcript-19494	16.6707322273248	-15.5826821663491	3.01149572227304	-5.17439956865933	0.000000228645054312448	0.000104066690123274
nbisL1-transcript-19508	162.710655203382	-7.1355361509703	1.8462408070524	-3.86490003022004	0.000111134708745387	0.0130552640802931
nbisL1-transcript-19509	990.012157862323	-8.4320803963317	1.72957618929553	-4.87522923159931	0.00000108682175862172	0.000382581530449433
nbisL1-transcript-19547	6990.85921056637	-0.362023900204669	0.102729469693496	-3.52405109541403	0.000425002285104748	0.031981705288989
nbisL1-transcript-19607	198.417266540752	0.86262051162107	0.182062829736682	4.73803748337142	0.00000215797902750274	0.000669186925023074
nbisL1-transcript-1961	89.1035812002145	0.867540142638298	0.251204854799225	3.45351662622794	0.000553328193716992	0.038176939605134
nbisL1-transcript-19952	783.374060117991	1.05656722937161	0.307206100679286	3.43927814921435	0.000583267621957765	0.0397565918454738
nbisL1-transcript-19963	1251.87324815936	-0.632447411633295	0.16536695634064	-3.82450899277916	0.000131032963586276	0.0145004674487887
nbisL1-transcript-20117	452.208174365407	-6.16536101630452	1.56693906578003	-3.9346526938719	0.0000833170867354676	0.0107033637627199
nbisL1-transcript-20118	217.511364530823	-19.0213738053031	1.92795901222628	-9.86606752772118	0.0000000000000000000000584097797716091	0.000000000000000000235466510767863
nbisL1-transcript-20119	487.154702535786	-8.93753802906655	1.8000339289401	-4.96520531384048	0.000000686284273566833	0.000272764167827922
nbisL1-transcript-20120	189.523162241702	-7.0472111772475	1.45751441995423	-4.83508847718213	0.00000133086427457879	0.000452477818847456
nbisL1-transcript-20121	113.490500554063	-5.06547705209591	1.42261429056947	-3.56068196817298	0.000369892872045098	0.0295694248052142
nbisL1-transcript-20122	101.282126049716	-18.4258549293882	2.5441550027411	-7.24242623170994	0.000000000000440728171442735	0.000000000690939348330141
nbisL1-transcript-20125	62.3730918328112	-7.91886039580624	1.86573917306007	-4.24435554023246	0.0000219222537908746	0.00423715123099104
nbisL1-transcript-20126	1185.92581122332	-3.65790385866953	0.995014751396038	-3.67623078304857	0.000236705403028746	0.0214777806047208
nbisL1-transcript-20128	204.101610995553	-4.98668995779347	1.03657830551386	-4.81072190230861	0.00000150386138629124	0.000499264287761793
nbisL1-transcript-20129	292.523127867518	-7.00132885983567	1.40452680065249	-4.98483108800995	0.000000620159662936673	0.000250004078977285
nbisL1-transcript-20130	68.3705455920119	-6.27712330274437	1.65129031309384	-3.80134447163541	0.000143913061306355	0.0151841320032025
nbisL1-transcript-20131	374.421388503432	-4.45924599963099	1.1254593942547	-3.96215627360237	0.0000742758958201323	0.00984033570022683
nbisL1-transcript-20134	14.2779349363647	-6.50039048649758	1.75560188496249	-3.70265636086193	0.000213353784194802	0.0200020944724024
nbisL1-transcript-20135	159.441137839363	-8.56574527069363	1.89340299645009	-4.52399477911116	0.00000606832217685506	0.0014531310753793
nbisL1-transcript-20136	686.053541938123	-3.81978495788419	1.02768404393413	-3.71688650848511	0.000201692989415405	0.019205409878925
nbisL1-transcript-20268	359.289017058033	-1.89348798763408	0.554260615310988	-3.41624126868849	0.000634919663862475	0.0416669720803144
nbisL1-transcript-20316	9.93049841725	-19.0652116460711	3.0861214689497	-6.17772561381376	0.000000000650316067534685	0.00000055609906393216
nbisL1-transcript-20317	20.3401673940821	-18.5116539209748	4.11679954435079	-4.49661289590286	0.00000690445261725604	0.00158403860492966
nbisL1-transcript-20324	18.6932824712048	-17.8485468653766	3.78160964547052	-4.71982794066409	0.00000236044216204342	0.000701150709165297
nbisL1-transcript-20341	829.570181579531	-0.687786453737183	0.184106210470271	-3.73581343062974	0.000187109360940389	0.0183334689457529
nbisL1-transcript-2036	4374.13552393154	-0.629241245996334	0.167542814644966	-3.755704160335	0.000172854784244163	0.0175400569049136
nbisL1-transcript-20365	88.7197277621685	-1.23626347082781	0.364263661770906	-3.39386988210018	0.000689124268488872	0.043757095436864
nbisL1-transcript-20461	767.990225715783	0.583783949360208	0.166092496387327	3.51481230072444	0.000440064904153146	0.0327656768609436
nbisL1-transcript-2050	8664.24936378863	-7.57956645887126	2.17753460655762	-3.48080183710766	0.000499915200830742	0.035543928804342
nbisL1-transcript-20582	3417.30328732408	-1.6339351534763	0.360274291911437	-4.5352532505371	0.00000575344070601888	0.00142417844985217
nbisL1-transcript-20742	1106.77153733254	-1.15286668130921	0.254181443381743	-4.53560521952727	0.00000574385332333774	0.00142417844985217
nbisL1-transcript-20819	368.216938716116	-4.56226347110851	1.07792083153126	-4.23246618643365	0.0000231142672713888	0.00434841005420881
nbisL1-transcript-20821	45.526359576334	-14.6063056380158	2.33783403453877	-6.24779407871761	0.000000000416289996544256	0.000000391576247082745
nbisL1-transcript-20832	17.8249988801142	-6.52858686603184	1.84438382909655	-3.53971161698473	0.000400564482666885	0.0306657060485973
nbisL1-transcript-20849	26.7314386775781	-4.90909932547846	1.40500510700055	-3.49400817194079	0.0004758264531214	0.0346065636098783
nbisL1-transcript-20864	11.420773680764	-4.31895764151451	1.22262056150903	-3.53254131125015	0.000411585913996948	0.031221889535161
nbisL1-transcript-20869	202.161035699585	-10.308719311434	2.66251519953597	-3.87179735658623	0.000108035754691913	0.0129180549222504
nbisL1-transcript-20943	437.361671900673	-3.22387069141163	0.914099499658269	-3.52682688549426	0.000420571649824051	0.0317329181454142
nbisL1-transcript-20947	96.0229062897544	-5.79540005877661	1.28539032855861	-4.50866941349666	0.0000065235466097887	0.00153406634818023
nbisL1-transcript-20949	41.1643952528471	-17.123201464944	2.43881016380549	-7.02112928635047	0.00000000000220082083662522	0.00000000310524815943636
nbisL1-transcript-20951	111.631984714795	-8.97170443520723	1.82227032003141	-4.92336638345325	0.00000085067967866377	0.00031175753054822
nbisL1-transcript-20967	9.59541757960263	-5.97895565839718	1.64248302655008	-3.64019326942791	0.000272433473512107	0.0235100923212176
nbisL1-transcript-20968	59.9022686495192	-19.9011425163423	2.74211020674626	-7.2576012690448	0.000000000000394014981561602	0.000000000654041692040403
nbisL1-transcript-20969	20.6861412885718	-6.45030959850986	1.78222606971388	-3.61924320832397	0.000295465849499951	0.0248750993883065
nbisL1-transcript-20970	98.8707462138442	-20.7448837509863	2.08075143495671	-9.96990000942515	0.0000000000000000000000206436559707137	0.0000000000000000000970905546395948
nbisL1-transcript-20972	116.06567296065	-3.7548041770055	0.948834494093495	-3.95728043234009	0.0000758079147170812	0.00999637170748277
nbisL1-transcript-20974	202.010960506168	-22.0256819591698	5.91160693943379	-3.7258366777138	0.000194668425074469	0.0188128365999193
nbisL1-transcript-20975	108.090169103945	-20.2757677516912	1.97637790634544	-10.2590540435577	0.00000000000000000000000107757131803534	0.0000000000000000000101359950078797
nbisL1-transcript-20976	128.58307771709	-9.012767172448	1.89142058414657	-4.76507829511364	0.00000188780330507384	0.00059856091534695
nbisL1-transcript-21297	23.3420701983354	2.35399179617479	0.611407626827555	3.85011846906307	0.000118060705785055	0.0135429067339368
nbisL1-transcript-21338	70.9125183003277	-2.009322039589	0.459013501950435	-4.37747916139941	0.0000120059835894896	0.00252833470829707
nbisL1-transcript-21344	128.404939645747	-2.01601031842607	0.59451279066314	-3.39102934383858	0.000696306454779264	0.0439576551396332
nbisL1-transcript-21396	2984.65823732005	0.942501956476665	0.234337479840709	4.02198554459718	0.0000577096003779666	0.00835131904136328
nbisL1-transcript-21499	56.3102566478927	1.32779798793234	0.317310357819674	4.1845403253017	0.000028574372202681	0.00520219489798357
nbisL1-transcript-21703	316.056446248736	-21.6987988236362	2.7340886323231	-7.93639188104856	0.00000000000000208147648247295	0.00000000000451824498914648
nbisL1-transcript-21704	73.9686156881427	-19.0984058122426	3.26320371134334	-5.85265509041129	0.00000000483786750811661	0.00000284416215024047
nbisL1-transcript-21705	222.471003163669	-21.5317259053775	3.75660979794465	-5.73169082324125	0.00000000994343983366425	0.00000558272382572473
nbisL1-transcript-21706	131.311497027536	-20.7734659595955	4.21472098246373	-4.92878794255374	0.000000827413214375886	0.000311316979952975
nbisL1-transcript-21707	69.2145807065949	-19.1569217743059	3.97283580291183	-4.82197672510531	0.00000142142534530805	0.000477514307372
nbisL1-transcript-21708	64.2164030360637	-19.269002692417	3.63882203666472	-5.29539573473581	0.000000118758940546962	0.0000568009922592325
nbisL1-transcript-21709	76.7628750050141	-19.6184426549836	4.26628179301926	-4.5984873027104	0.00000425569646237372	0.00114372855687356
nbisL1-transcript-21710	45.3575957693939	-19.0064136981775	4.14612970046222	-4.58413389625959	0.00000455872056709869	0.00119113458965702
nbisL1-transcript-21711	89.9338786433888	-20.0933623114755	4.09067952190077	-4.91198643254726	0.000000901582929405881	0.00032617652160134
nbisL1-transcript-21712	77.1231822163736	-20.0627442159699	3.39195269204322	-5.91480661361603	0.00000000332265735918064	0.00000208360151152708
nbisL1-transcript-21737	611.690195404014	-1.09867953719995	0.313373634100293	-3.50597311849257	0.000454941164304478	0.0334322518633023
nbisL1-transcript-21942	42.5564832706742	-7.65635927324485	2.22683296656968	-3.43822791748906	0.000585534637080249	0.039778033825522
nbisL1-transcript-21948	54.6417440879573	-1.2692455097165	0.344147974695718	-3.68808071829776	0.000225951977917443	0.0208370551138965
nbisL1-transcript-21995	17.5055612046748	-3.27021150868821	0.803477899724617	-4.07007026554064	0.0000469989602904916	0.00728716296943617
nbisL1-transcript-22040	33.1148615449949	2.82139604038137	0.644941711905016	4.37465276055349	0.0000121625926619067	0.00254234223945441
nbisL1-transcript-22181	545.673597432846	1.65353079643896	0.403603264690918	4.09692126178722	0.000041868123060696	0.00678569847127843
nbisL1-transcript-22187	3698.9011389343	0.65506724655712	0.186698288313699	3.50869444210675	0.000450311933713853	0.0333526311219717
nbisL1-transcript-22304	326.047922854919	-2.57600389967047	0.575808464588371	-4.4737166229607	0.00000768716039299118	0.00173539183303854
nbisL1-transcript-22361	809.264990078746	-4.54349536664965	1.21576230888279	-3.73715761169207	0.00018611226887491	0.0182993105065543
nbisL1-transcript-22407	445.249641403852	-0.484738419661775	0.142868634641991	-3.39289600461614	0.000691578885319868	0.043757095436864
nbisL1-transcript-22473	7563.46836957833	-0.862876689075089	0.239201621226591	-3.60731956853128	0.000309376532592261	0.0256773422741794
nbisL1-transcript-22640	169.306362047226	-7.66213777246854	1.88430055677796	-4.0663034062731	0.0000477647425720531	0.00736542770841949
nbisL1-transcript-22641	177.700233428765	-4.66423608923674	1.16811102267932	-3.99297326938863	0.0000652499265718836	0.00907038264991124
nbisL1-transcript-22654	181.169485326592	-5.61882784553289	1.26096392918695	-4.4559782524119	0.0000083511498243364	0.00184110231947616
nbisL1-transcript-22655	328.2113753313	-7.47522504053328	1.81087636047313	-4.12795992244343	0.0000365995883176312	0.0062217095345496
nbisL1-transcript-2281	1487.40386634868	0.496495516076647	0.120820225219284	4.10937419770181	0.0000396732767814984	0.00658553057351238
nbisL1-transcript-2291	767.309529161518	1.17240579376888	0.241731927446285	4.85002459606584	0.00000123446165859856	0.000424820409073084
nbisL1-transcript-23049	32.0314037558155	-1.83316264051676	0.533824992843551	-3.43401426514701	0.000594712897182374	0.0401488115923192
nbisL1-transcript-23112	679.094097070548	-0.891962177632444	0.219966682601395	-4.05498763305342	0.000050136955290645	0.00748579228225774
nbisL1-transcript-23122	4.00393007688165	-4.96400786778835	1.3780054370463	-3.60231370235265	0.000315397424603593	0.0260239763885637
nbisL1-transcript-2331	8.34757786814528	-6.76781981884301	1.9155442847084	-3.53310538047584	0.000410708726584656	0.031221889535161
nbisL1-transcript-23361	114.248838336973	0.752850113284457	0.211898458305004	3.55288150421941	0.000381036061697424	0.0297398335120902
nbisL1-transcript-23396	535.701636447661	-2.06448901153181	0.43257889083646	-4.77251445982441	0.00000181940041525254	0.000583427958159222
nbisL1-transcript-23677	1465.56408079514	-0.600687207148535	0.143982657051786	-4.17194139522296	0.0000302015324648678	0.00539403192801332
nbisL1-transcript-23717	8515.74090077494	-0.597818860258229	0.177426063914662	-3.36939707204329	0.00075332820604748	0.0463140929116641
nbisL1-transcript-23823	9.12160159654205	-14.4912713128912	3.96862543516693	-3.65145855904683	0.000260755179484729	0.022780961021299
nbisL1-transcript-23855	75.3355244646151	-18.6782670853688	3.37104652344516	-5.54079184474733	0.000000030110696441653	0.0000154489771434001
nbisL1-transcript-24023	143.441135933525	-1.34288998668083	0.314378978100082	-4.27156419553384	0.0000194106631642897	0.00377758278505579
nbisL1-transcript-2407	28.3283668421444	-5.10273007296648	1.29730892259618	-3.93331918411143	0.0000837808675127711	0.0107033637627199
nbisL1-transcript-2417	3205.92192272138	-1.09808827222014	0.233797255854579	-4.6967543233405	0.00000264328061128659	0.000761129954794859
nbisL1-transcript-24388	8.21699225961081	-6.61855247770245	1.81028078504632	-3.65609165847337	0.000256089820583482	0.0226539142540604
nbisL1-transcript-24562	214.071898885932	1.3061620839068	0.273078183489656	4.78310668108087	0.00000172606457200195	0.000559859955831301
nbisL1-transcript-24600	134.336010572636	-1.2638115954039	0.376589145180317	-3.35594270726726	0.000790949523667599	0.0480281843589591
nbisL1-transcript-24719	3739.54095803848	1.1031633636457	0.273599189801641	4.03204177777533	0.0000552943542722328	0.00812683012087572
nbisL1-transcript-24736	59.765876691668	-7.20467838280341	2.13789789451962	-3.36998244924241	0.00075172971405842	0.0463140929116641
nbisL1-transcript-2476	1679.89792542417	-3.23729558568779	0.722692243418773	-4.47949402414148	0.00000748201847289941	0.00170270225231249
nbisL1-transcript-2477	1102.71459418657	-3.44765114854688	0.814299790589418	-4.23388436100586	0.0000229689085386009	0.00434841005420881
nbisL1-transcript-2478	10485.4598435212	-2.92801928817054	0.495592586980843	-5.90811760524522	0.00000000346038956594098	0.00000212279854698453
nbisL1-transcript-2479	907.599171521907	-1.10241170934942	0.184128831289236	-5.98717594431324	0.00000000213515776401726	0.0000014345718319715
nbisL1-transcript-24822	362.413803535788	-1.61251834751149	0.402778955629085	-4.0034821208396	0.0000624169203172493	0.00894082778899725
nbisL1-transcript-24843	124.096714866555	1.110325055199	0.322315122331726	3.44484319310424	0.000571390762022274	0.0391361065861809
nbisL1-transcript-24934	8026.34102210869	-5.66999425974901	1.23505314114317	-4.5908909267668	0.00000441357955087337	0.00117496982401977
nbisL1-transcript-24969	15.005632587147	-5.42775969062977	1.58980998709596	-3.41409334114477	0.000639946473721277	0.0417058880876229
nbisL1-transcript-25166	35.7748501513945	-6.56004529077609	1.60847178339803	-4.07843355319386	0.0000453401565777177	0.00710807710259232
nbisL1-transcript-25175	47.3307003551911	-20.2839978007471	2.317813080566	-8.75135185439278	0.00000000000000000210811961042671	0.00000000000000540809338969375
nbisL1-transcript-25309	896.423400065257	-9.5277452169609	2.00578472684563	-4.75013349610284	0.00000203282407155848	0.000637380694170098
nbisL1-transcript-2532	387.160602259953	-0.600181718121533	0.167335861605593	-3.58668914339563	0.000334903167016911	0.0273139666764457
nbisL1-transcript-25331	682.997738706649	1.12078237645132	0.309476114620239	3.62154726488874	0.000292846287670833	0.0248163044798296
nbisL1-transcript-25484	24.7743144533682	-4.06551711128998	1.18766225390394	-3.42312563856123	0.000619054572407035	0.0412007098555521
nbisL1-transcript-25492	7.70854215187371	-5.51733895358275	1.48475719291098	-3.71598735464994	0.000202411705757546	0.019205409878925
nbisL1-transcript-25493	18.9561373630663	-2.71945660295596	0.786086362535695	-3.45948833685875	0.000541202715039348	0.0377165193190384
nbisL1-transcript-25608	851.688749772481	0.597079697175503	0.156979015688644	3.80356377287882	0.000142629253637401	0.0151841320032025
nbisL1-transcript-2571	3038.21440778167	0.703435757241285	0.192163566146448	3.6606094034766	0.000251616087821261	0.0223281584346797
nbisL1-transcript-25724	1328.844280957	-3.55575209918711	0.893544009365737	-3.97938105109236	0.0000690949196743509	0.00936744299607624
nbisL1-transcript-2576	11.4049949242466	-16.8570993290221	2.9006905057254	-5.81140914404672	0.00000000619491519385525	0.00000356763901745717
nbisL1-transcript-25799	571.171461763383	1.26661408195599	0.291013209654425	4.35242813705975	0.0000134638010855983	0.00277324819587224
nbisL1-transcript-25890	1238.78154377654	0.568206077218929	0.159533346650604	3.56167590756662	0.000368495088713764	0.0295413718989025
nbisL1-transcript-25950	16.0590106473344	-6.12328749804848	1.59832392985985	-3.83106789784809	0.000127588287469358	0.0142873566829278
nbisL1-transcript-25977	148.651941098315	-3.14461066379391	0.861148579488883	-3.65164704290673	0.000260563838442966	0.022780961021299
nbisL1-transcript-25978	19.5623644391564	-6.55443705519719	1.45015767008279	-4.51980994233749	0.00000618951715238324	0.0014677477691017
nbisL1-transcript-25997	12.5210832481092	-5.59724409640581	1.61953705146237	-3.45607659383386	0.000548099551089466	0.037908875569102
nbisL1-transcript-26069	1184.68835841296	-5.84394940399096	1.24153793011451	-4.70702445913347	0.00000251358758908332	0.000731246682230332
nbisL1-transcript-26072	8418.00566359854	0.983337521863543	0.256514258156017	3.83346145720079	0.000126352606214792	0.0142321190968627
nbisL1-transcript-26073	3098.01427669725	0.745431222113578	0.181907608702346	4.09785619981032	0.0000416994187507223	0.00678569847127843
nbisL1-transcript-26079	46.4306921258079	-4.7532300135463	1.27350092724063	-3.73241189847064	0.000189655040000861	0.0185186006013298
nbisL1-transcript-26083	227.268284762501	0.955208470426617	0.230858600366428	4.13763433075689	0.0000350905015633236	0.0060749623534689
nbisL1-transcript-26130	1060.13597556942	-0.532578497718634	0.133807755050507	-3.98017661620291	0.0000688640860458043	0.00936744299607624
nbisL1-transcript-26161	118.839333176683	-18.8585337173296	2.90467993039298	-6.49246532122326	0.0000000000844429609577702	0.0000000953158366106927
nbisL1-transcript-26638	54.490782050167	-2.75034479582631	0.767355827822891	-3.58418441106972	0.000338133129288363	0.0274979215429058
nbisL1-transcript-26708	1366.97349093587	-0.7030594989653	0.192507430816762	-3.65211615978869	0.000260088181742276	0.022780961021299
nbisL1-transcript-26712	82.8724774269997	-2.58339514272922	0.739322642472529	-3.49427299303255	0.000475354674795586	0.0346065636098783
nbisL1-transcript-26842	863.603789382562	-0.751107702186953	0.197664191082774	-3.79991792176672	0.000144744020300559	0.0151841320032025
nbisL1-transcript-27074	7499.58724627765	-0.424144850963895	0.112285936434595	-3.77736397301147	0.000158497020334246	0.0163832506110333
nbisL1-transcript-27374	39.2417735091187	-1.9665684331275	0.565302560914215	-3.4787891814025	0.000503684663655729	0.0357122550846759
nbisL1-transcript-27430	527.910175164726	0.865071879698214	0.249375457413668	3.46895355569502	0.000522489770349085	0.0366769622623901
nbisL1-transcript-27672	50.0886115038316	-1.77525124778244	0.370863677928845	-4.78680268096528	0.00000169459292199542	0.000556043228671963
nbisL1-transcript-27694	1708.1923770558	-0.93096682439222	0.221065908387758	-4.21126365065422	0.0000253946154158104	0.00471454376591285
nbisL1-transcript-27697	6670.21358978326	-0.827871169393043	0.201296416296509	-4.11269700983446	0.0000391063494655824	0.00652983476668207
nbisL1-transcript-27699	379.716905364018	0.510487512575502	0.151895997700251	3.36077000253087	0.000777255198481901	0.0474748148180969
nbisL1-transcript-28094	45.9591606255498	-4.56415013930269	1.33484282170329	-3.41924162537634	0.00062795937615474	0.0413062602231016
nbisL1-transcript-2817	7.54037719192416	-15.2801454497701	2.91726824586212	-5.23782667961495	0.000000162478536527388	0.0000751636364305963
nbisL1-transcript-28227	241.37092324985	-0.74388650812392	0.217842794524064	-3.41478592279877	0.000638321590412524	0.0416962892589144
nbisL1-transcript-28228	1107.87809044833	-1.00584386129093	0.282818225118027	-3.55650298304209	0.000375824214880424	0.029707341297099
nbisL1-transcript-28262	2253.62104846053	-0.800818159122245	0.218216020005713	-3.6698412843442	0.000242701112572989	0.0218810948744319
nbisL1-transcript-28294	452.587765841679	-0.606289224454914	0.167945777023504	-3.61002958931241	0.000306162077673279	0.0255141216164245
nbisL1-transcript-28311	260.337390136315	-1.4131649680894	0.377225832242181	-3.74620412311038	0.000179530525873894	0.0179016675252135
nbisL1-transcript-28405	917.138569845569	-0.758763825366984	0.217989912311125	-3.48072907283913	0.000500051020068882	0.035543928804342
nbisL1-transcript-28426	84.3964001034534	-1.25251638033133	0.364150536903224	-3.43955659377265	0.000582667947462163	0.0397565918454738
nbisL1-transcript-28523	3402.41991303126	-0.558574430543631	0.127771792490689	-4.37165683955117	0.0000123307224498626	0.00255853424126965
nbisL1-transcript-28635	296.202648784468	-3.73973299565083	1.03293968381514	-3.62047567176256	0.00029406190121395	0.024844708953163
nbisL1-transcript-28690	1148.16072043853	-0.924912109292442	0.231326065191725	-3.99830476745397	0.0000637977720520888	0.00900154664768947
nbisL1-transcript-28751	263.112559703114	-2.9683330602465	0.71907662248747	-4.12797880979398	0.0000365965829773555	0.0062217095345496
nbisL1-transcript-28918	14.1310515581336	-17.2130570725777	2.74183797753759	-6.27792641782449	0.000000000343118219190418	0.000000333877690597739
nbisL1-transcript-28979	27.1204339333163	-6.46792110574292	1.54845572260091	-4.17701391866657	0.0000295360958585024	0.00533756215584563
nbisL1-transcript-28998	8.20293096858914	-5.21399631515453	1.50803173266475	-3.45748448273115	0.000545243641658404	0.0378971190245283
nbisL1-transcript-29140	475.638673776331	-0.571929355665956	0.15844065990236	-3.60973853566635	0.000306505802047129	0.0255141216164245
nbisL1-transcript-29150	69.8136990573539	-3.26731440321043	0.735275340824763	-4.44366106382061	0.00000884408924504684	0.00191977964927675
nbisL1-transcript-29454	33.473256140819	-5.53013136000983	1.46501194237743	-3.77480292142567	0.00016013421204002	0.0164920705458296
nbisL1-transcript-29632	97.8289415814882	-2.39648968025152	0.62522581289221	-3.83299862359438	0.000126590662082729	0.0142321190968627
nbisL1-transcript-29728	1126.05353307264	0.720682628745992	0.184836105972984	3.89903598624465	0.000096576422091389	0.011746939892228
nbisL1-transcript-29786	187.918646201459	-0.888779328765552	0.230009000434145	-3.86410673968397	0.00011149646136825	0.0130552640802931
nbisL1-transcript-29890	151.063579121846	1.39917728977932	0.261872792963704	5.34296546786839	0.0000000914381879545135	0.0000444878314808348
nbisL1-transcript-29923	5230.96231069308	-0.420041095697737	0.108780313591257	-3.8613705166915	0.000112752762650478	0.0130937045647483
nbisL1-transcript-29978	487.215567952072	0.682723661510346	0.19900932934876	3.43061133739055	0.000602222778865414	0.0405587699207711
nbisL1-transcript-30001	254.41397247815	1.52337304694003	0.373098100132234	4.08303619450251	0.000044451096508873	0.00704699714822409
nbisL1-transcript-30200	32.84628499241	-2.65009561134038	0.672762722970129	-3.93912373688108	0.0000817797472591905	0.0105859756326014
nbisL1-transcript-30446	135.817759675325	-2.1188450494898	0.532586338985089	-3.97840668149229	0.0000693786309288045	0.00936744299607624
nbisL1-transcript-30499	90.0036860658758	-1.34098455923565	0.369126828437684	-3.63285585312592	0.000280301621301486	0.0240420408860384
nbisL1-transcript-30686	226.995637337508	-0.813687991888444	0.230061555097163	-3.53682731365002	0.000404964356679814	0.0308856464355342
nbisL1-transcript-30761	210.822128574487	0.803639437922283	0.226240360661222	3.55214885431371	0.000382098636293217	0.0297398335120902
nbisL1-transcript-30857	81.4223458723839	-6.16276712326113	1.17645644595313	-5.23841502544384	0.000000161961517605537	0.0000751636364305963
nbisL1-transcript-3096	45.2503674297856	-6.5952774786884	1.58440995297509	-4.16260795781058	0.000031463330338614	0.00554914824265842
nbisL1-transcript-3097	144.751701708474	-5.14353581500673	1.36633761490261	-3.76446916114019	0.000166903263678593	0.0170646492671964
nbisL1-transcript-30984	158.122981565903	0.759845917812511	0.223380303656751	3.4015797515438	0.000669975769496458	0.0427738602701822
nbisL1-transcript-3101	76.5545920472187	-3.8010474919614	0.936495145185076	-4.05880106427055	0.0000493253110964531	0.00748339222489683
nbisL1-transcript-3103	37.2298402302055	-3.58750617008315	1.00871828875309	-3.55649957979625	0.000375829081224152	0.029707341297099
nbisL1-transcript-3104	9.53968215843732	-5.91972219919629	1.67061656671164	-3.54343558968076	0.000394949773283418	0.0305278458669782
nbisL1-transcript-31054	4001.05224325075	-1.05794575700985	0.297801523196807	-3.55251963003119	0.000381560548326589	0.0297398335120902
nbisL1-transcript-31055	1619.87033707025	-1.03452456438451	0.271882638115703	-3.80504092337171	0.000141780747649664	0.0151841320032025
nbisL1-transcript-31079	466.983314480525	-1.08185997999935	0.296869370153817	-3.64422904066796	0.000268194510687858	0.0232867104526175
nbisL1-transcript-31491	1146.44626871807	-0.366339656168047	0.103420655348529	-3.54222911210024	0.000396760700733386	0.0305278458669782
nbisL1-transcript-31507	2753.68471423804	-0.352062352890797	0.097197666771742	-3.62212761462244	0.000292189906425138	0.0248163044798296
nbisL1-transcript-31541	875.161547166453	-1.16026464596197	0.339151748683322	-3.42107817655792	0.000623734001170098	0.0412967843752718
nbisL1-transcript-31636	30.6748616256686	-19.6175948952563	2.93817483091569	-6.67679631887066	0.0000000000244221994462006	0.000000028715418590514
nbisL1-transcript-31722	5111.78797570989	0.507036422544589	0.150451104844093	3.37010767099393	0.000751388179709208	0.0463140929116641
nbisL1-transcript-31751	2275.55131705143	-0.814173279455023	0.221657784280771	-3.6731093478031	0.000239616883975234	0.0216722719515933
nbisL1-transcript-31782	37.7576024900959	-2.5643699915127	0.699538505325093	-3.66580248548431	0.000246564178061214	0.0220183371541437
nbisL1-transcript-31920	34.3300871498211	2.01555812860603	0.551638456940703	3.65376652632956	0.00025842127024968	0.022780961021299
nbisL1-transcript-3201	534.526029207717	1.04806595781634	0.300613674730488	3.48642143028249	0.000489529158263091	0.0350609728858532
nbisL1-transcript-32091	38.3545921652057	1.81329564829242	0.515421441267234	3.5180834616313	0.00043467562799506	0.0324500305460122
nbisL1-transcript-32124	6201.78791382908	-0.701251513203767	0.172652164828553	-4.06164332720717	0.0000487284867626187	0.00743280631326668
nbisL1-transcript-32178	1109.98551597379	1.27721304677857	0.330648003639544	3.86275747235698	0.000112114300529771	0.0130733613497918
nbisL1-transcript-32280	63.0521632621531	-5.54480362058806	1.36019156899266	-4.0764872735496	0.0000457211566770315	0.00712820618933234
nbisL1-transcript-32370	201.580566344807	-7.83021134020026	1.86552049611744	-4.19733332144925	0.0000270076291245517	0.00494888497575147
nbisL1-transcript-32377	114.496190906643	-0.85557375886782	0.226001105667174	-3.78570607582691	0.000153272754691997	0.0159601618621899
nbisL1-transcript-32381	22.5453343922324	-3.37668996432565	0.862658697077835	-3.91428264244461	0.0000906733744044069	0.0111248345752955
nbisL1-transcript-325	636.045843483434	-4.2092534216568	1.08471266839543	-3.88052388830617	0.00010423170636602	0.0125162320082669
nbisL1-transcript-326	219.210016866464	-4.25475667767562	1.03940543372847	-4.09345241001225	0.0000424997337082925	0.00681420446314946
nbisL1-transcript-32925	286.735747890617	-20.8681015526986	2.71761774990571	-7.67882148010797	0.0000000000000160558795948076	0.0000000000323629190204196
nbisL1-transcript-32930	57.1831927673679	-5.96535775547315	1.49257454036111	-3.99669001055714	0.0000642343262630918	0.00901805200407059
nbisL1-transcript-32932	296.144818506186	-2.16721683876815	0.56428720486085	-3.84062729067651	0.000122720317666722	0.0139638896945049
nbisL1-transcript-32958	190.23886559856	-3.96001306336374	1.1481933208747	-3.44890794204149	0.000562858557198106	0.0386455124709814
nbisL1-transcript-33126	231.697016729612	-1.03561657696459	0.309614943532601	-3.34485333669157	0.000823260917210593	0.0494289357931186
nbisL1-transcript-33227	29.9036602233828	-3.49735643533368	0.868053509320509	-4.02896411083151	0.0000560231693645367	0.0081912840222687
nbisL1-transcript-33262	107.728655622674	2.14984139146305	0.568587684542562	3.78101997265845	0.000156187141900887	0.0162038417547836
nbisL1-transcript-33375	147.684932271318	-8.3076858379459	1.79286416758057	-4.63375083744181	0.00000359099171490883	0.00100330886339616
nbisL1-transcript-33450	108.726853604023	-21.1435820217874	3.45810639680031	-6.11420806524372	0.000000000970376322282246	0.000000720606564170597
nbisL1-transcript-33522	5.80964931373993	-18.0057952670443	3.51198458925074	-5.12695736825135	0.000000294462160698293	0.000127837349426848
nbisL1-transcript-3363	4155.14100746445	-0.307142468247206	0.0853351938750832	-3.59924732457763	0.000319139556400743	0.0262015587172679
nbisL1-transcript-33642	36.7232825659028	-1.68537481168899	0.482894337466556	-3.49015236030949	0.000482745237547826	0.0348403781543788
nbisL1-transcript-33686	32.9817233295719	14.6884668115186	3.81376664408482	3.85143302731973	0.000117428646021495	0.0135253835186962
nbisL1-transcript-3386	27.2148845618029	-4.1647964311046	1.13048065911632	-3.68409348494308	0.000229518000312336	0.02109696563783
nbisL1-transcript-3475	21.1228623187018	-18.9883461186174	2.28470123206454	-8.31108499095035	0.0000000000000000948309728032397	0.000000000000223002935127885
nbisL1-transcript-3551	40.6594987529836	-7.26143273311195	1.75606021600687	-4.13507046451051	0.0000354845738694497	0.00610572676842683
nbisL1-transcript-3598	194.873173345175	-3.32023973172604	0.897191484783056	-3.70070357113218	0.000215002518062029	0.0200899207191802
nbisL1-transcript-3657	472.188340049284	-12.1649741165389	2.75339266412531	-4.4181762648821	0.00000995372314961409	0.00214415353861802
nbisL1-transcript-3674	246.346083254674	-4.55265732811474	1.16865405644217	-3.89564157418386	0.0000979391336699648	0.0118615640044323
nbisL1-transcript-368	257.497798987091	-21.4043739534056	3.55156140961318	-6.02675034576887	0.00000000167289105171551	0.00000115139786800878
nbisL1-transcript-3762	691.195210659125	-3.76814698883131	0.733793303343859	-5.1351613208516	0.000000281902108758563	0.00012429680636028
nbisL1-transcript-3840	659.405060865538	-1.51891774647359	0.397470048407834	-3.82146466773533	0.000132661422715091	0.0145664306910396
nbisL1-transcript-3850	668.53619780133	-0.505538520456936	0.140465223994995	-3.59902975326439	0.000319406647958473	0.0262015587172679
nbisL1-transcript-3966	556.750300351616	-3.58180265146326	0.939249060111773	-3.81347483173102	0.000137026485698157	0.0149295382236151
nbisL1-transcript-4055	435.674164413446	1.73091218170514	0.493638332680746	3.50643794679654	0.000454147315112977	0.0334322518633023
nbisL1-transcript-4249	311.456878305046	1.72812731639116	0.471170401695417	3.66773318139854	0.000244710349112263	0.021922162989203
nbisL1-transcript-4320	214.901001898841	1.10597560730952	0.323862482156389	3.41495439652518	0.00063792691067437	0.0416962892589144
nbisL1-transcript-4441	72.2850436595011	-17.409084572021	2.69800010753529	-6.45258853896961	0.000000000109955603000791	0.000000119339890810743
nbisL1-transcript-4584	10.567512486432	-16.9555859952517	2.80803422643979	-6.038240501345	0.00000000155803733671895	0.0000010991563901218
nbisL1-transcript-4587	30.0175215659691	-7.44956724482421	2.1750670473461	-3.42498280865125	0.000614838324223448	0.0410168384663392
nbisL1-transcript-465	25.3865111770552	-5.73350504216007	1.25559008111164	-4.56638287320961	0.00000496212087843184	0.0012625282896772
nbisL1-transcript-4727	3349.44145743109	-0.335191651611045	0.0943138126539683	-3.55400383230018	0.000379413684775391	0.0297398335120902
nbisL1-transcript-479	40.5063463413685	-5.48023950482443	1.51110956235772	-3.62663280104841	0.000287141172436566	0.0245540507423862
nbisL1-transcript-4858	5617.7839694582	-0.333041503953061	0.0976698090004621	-3.40987155971079	0.000649934798491802	0.0417779272861963
nbisL1-transcript-4863	155.399843031975	1.53304853603865	0.243982765454657	6.28342962332541	0.000000000331184170594588	0.000000333774503928881
nbisL1-transcript-5036	1663.26128016807	-3.7768684712091	1.04198133216563	-3.6246987874143	0.000289298428428919	0.024663783540289
nbisL1-transcript-5046	2782.74791337792	-1.65022885362015	0.268356689425985	-6.14938594282852	0.000000000777834975514227	0.000000627135004972456
nbisL1-transcript-508	278.687874349884	-1.81603676289887	0.330414577195389	-5.49623681350161	0.0000000387981418948588	0.0000195507993951968
nbisL1-transcript-5085	1308.5974808628	-1.53268624617448	0.388786287358551	-3.94223329374009	0.0000807263963483022	0.010497779624667
nbisL1-transcript-5238	933.85047845039	0.541704795437736	0.160227855483356	3.38084032769199	0.000722645228186633	0.0450161715103722
nbisL1-transcript-5264	338.782482053163	-0.96064621415219	0.283116098093219	-3.39311759600433	0.000691019660560396	0.043757095436864
nbisL1-transcript-5316	10.0210844285852	-4.79708831618837	1.406665062858	-3.41025624567789	0.000649018700430093	0.0417779272861963
nbisL1-transcript-548	235.628122766265	-21.265032575913	2.21985415557665	-9.57947283270463	0.000000000000000000000975415214458254	0.00000000000000000305836021519972
nbisL1-transcript-5540	503.805190118998	-3.85199184931989	0.758187774875021	-5.08052487387421	0.000000376393444332996	0.000160484496902331
nbisL1-transcript-559	33.6346277781513	-19.0106845503611	3.41308730745953	-5.56993795875422	0.0000000254830059841073	0.000013316758256769
nbisL1-transcript-5596	13.6679932199616	-5.20336587787022	1.52906440694634	-3.40297364468888	0.000666567099880748	0.0426527369422558
nbisL1-transcript-562	9.63459435340493	-18.4380681668393	3.03390639939067	-6.07733586327596	0.00000000122195652386945	0.000000884163875565948
nbisL1-transcript-563	9.86956561646842	-17.5575365889977	4.6171165219485	-3.80270597580417	0.000143124182710037	0.0151841320032025
nbisL1-transcript-5630	75.0132954812812	2.13237762940313	0.611100245848722	3.48940725173755	0.00048409301553447	0.0348485224626715
nbisL1-transcript-5693	309.873385307444	0.729123474513843	0.208744649796046	3.49289658549923	0.000477811510785354	0.0346487052110487
nbisL1-transcript-5894	14.5667193218284	-16.5675195491324	2.67271294195164	-6.19876504097543	0.000000000569079110503343	0.000000518027207073995
nbisL1-transcript-5950	75.7756356531714	-0.862150061039121	0.246613865930092	-3.49595128314283	0.00047237493405377	0.0345335447255527
nbisL1-transcript-6014	390.984345138512	-6.71313000565158	1.45502220683822	-4.61376463816265	0.00000395440203324387	0.00109401246055009
nbisL1-transcript-6123	4315.64165255937	-1.10299487962565	0.253786707340995	-4.34614913910223	0.0000138548384885544	0.00281273156337062
nbisL1-transcript-6174	56.0702377768654	-5.57639545515796	1.393745405779	-4.00101441198377	0.000063071515860903	0.00894379450290866
nbisL1-transcript-6258	652.036848260823	1.64631008576764	0.452213568780319	3.64055879660567	0.000272046971993223	0.0235100923212176
nbisL1-transcript-632	52.2723229515177	-2.64135638515529	0.694967147877201	-3.80069244024469	0.000144292307741867	0.0151841320032025
nbisL1-transcript-6323	38.6875500199615	-3.59383131068475	0.916152484430519	-3.92274361720328	0.0000875462978620589	0.0109312786697763
nbisL1-transcript-6359	1418.7558482775	-2.27482512673454	0.666809406534252	-3.41150725296147	0.000646047825438068	0.0417322158999862
nbisL1-transcript-6387	1606.04520388694	-0.399869238260442	0.113929104969466	-3.50980759804626	0.000448431048885639	0.0333007257065891
nbisL1-transcript-6388	207.642436062982	0.79046142992275	0.234912733261472	3.36491521318651	0.00076567183700344	0.0469706381921741
nbisL1-transcript-642	3579.0953127638	-0.726800833878716	0.196487709803959	-3.69896333263725	0.000216481869703203	0.0201613923470452
nbisL1-transcript-6474	366.2594079072	1.72885337271794	0.440547417183749	3.92432983439068	0.0000869715091309028	0.0109077734051775
nbisL1-transcript-6501	13.5387890628762	-18.3742958758799	4.75460310992823	-3.86452779570855	0.000111304315280504	0.0130552640802931
nbisL1-transcript-6526	4384.25849367934	-0.373017725306303	0.0974610859563173	-3.82735038960568	0.000129530065525495	0.0144474660832566
nbisL1-transcript-6528	3616.06694617764	-0.611071535967704	0.161960266480849	-3.77297190999597	0.000161314456009539	0.0165532095786662
nbisL1-transcript-6572	49.3096627069132	-6.32964874145121	1.60928969517758	-3.93319410446653	0.000083824493836107	0.0107033637627199
nbisL1-transcript-6582	4315.13169924219	-5.86161784091073	1.05217831598249	-5.57093579279604	0.0000000253374699185171	0.000013316758256769
nbisL1-transcript-666	259.007592023343	0.57851229795829	0.166479551927604	3.47497510210662	0.000510900767918122	0.0361331046864197
nbisL1-transcript-6907	466.254779054163	0.691951162421401	0.192906835376013	3.58697067977219	0.000334541923887087	0.0273139666764457
nbisL1-transcript-7043	79.798247456317	-5.21943363973928	1.44302512320428	-3.61700815585896	0.000298027916665861	0.0249556373305458
nbisL1-transcript-7141	1359.1543203362	-0.428064148001698	0.107150673768326	-3.99497392734298	0.0000647013728323623	0.00903865366315065
nbisL1-transcript-7238	732.577518065442	-1.97984102485174	0.433057439632604	-4.5717746507978	0.00000483610876518821	0.00125201975453987
nbisL1-transcript-7573	52.8191298138032	-18.830548530201	5.11721335330554	-3.67984432738906	0.000233376377203987	0.0212440257687719
nbisL1-transcript-7643	17.1150982509483	-15.8482226051111	2.22164002370279	-7.13356909131342	0.000000000000977991821233214	0.00000000145252374754632
nbisL1-transcript-7663	88.1905177753163	-1.25371735476386	0.367506524664227	-3.41141522836722	0.000646265932467273	0.0417322158999862
nbisL1-transcript-7754	1628.13997770419	-1.51657156705282	0.380344550192035	-3.98736242253795	0.0000668119240573793	0.00924198865183915
nbisL1-transcript-776	6935.26317037859	-3.9517294684314	0.835564318844108	-4.72941385756885	0.00000225168967355945	0.000683230439765313
nbisL1-transcript-783	806.589393225382	-1.54394095415065	0.440621828436298	-3.50400469180084	0.000458317282969397	0.033592871189905
nbisL1-transcript-784	2107.85991892043	-1.93473564556021	0.519396120134692	-3.7249713091012	0.000195337437363381	0.0188130619281817
nbisL1-transcript-7842	46.2324797951623	-1.95454856989272	0.576938759327137	-3.38779209802482	0.000704576491086574	0.0442400222942463
nbisL1-transcript-7884	13.3877169425568	-6.63969813617813	1.57173189917916	-4.22444701901497	0.0000239528191217803	0.00447632187283125
nbisL1-transcript-7896	601.583355705043	-21.9506995719377	2.13724613675761	-10.2705529299676	0.000000000000000000000000956548308987328	0.0000000000000000000101359950078797
nbisL1-transcript-7903	236.753162318645	-7.87924193233796	2.06690988690182	-3.81208778489539	0.000137797916169488	0.0149558438322568
nbisL1-transcript-798	282.316955118691	-0.636415644240699	0.175872745736735	-3.61861436560133	0.000296184605920514	0.0248750993883065
nbisL1-transcript-804	31.311374846377	-2.55737055941695	0.763596290954644	-3.3491133858439	0.000810706111354915	0.0487789248535701
nbisL1-transcript-8140	86.0732018740471	-15.6369386777432	2.65261202376929	-5.89492113344325	0.00000000374860377996687	0.00000225067766099755
nbisL1-transcript-8160	16.5764927117988	-15.4967748531829	2.88444147485686	-5.37253918592748	0.000000077635550933132	0.0000384350458207377
nbisL1-transcript-8236	21.0678575222475	-17.764564153297	2.87408263482456	-6.18095107567477	0.000000000637165622956451	0.00000055609906393216
nbisL1-transcript-8309	410.800021407625	1.89385426619615	0.482145196396653	3.92797497589939	0.0000856641218025979	0.0108121984485999
nbisL1-transcript-8329	11.6011261813164	-6.32428284461357	1.88650293307732	-3.35238431582887	0.000801187167542991	0.0483091894890933
nbisL1-transcript-8429	2504.68764266603	-0.712535624044405	0.204029871589572	-3.49231030972634	0.000478861583766576	0.0346487052110487
nbisL1-transcript-8560	2000.76495641764	-0.884969997511008	0.258356945321138	-3.42537722920895	0.000613946336240705	0.0410168384663392
nbisL1-transcript-8563	1050.87313295821	-2.88517375408193	0.627007852872536	-4.60149540530308	0.0000041946841253623	0.00113817107051537
nbisL1-transcript-8573	276.947381609919	-7.1149573501802	1.59593062810477	-4.45818710718616	0.00000826557388057689	0.00184110231947616
nbisL1-transcript-8743	1934.38106590666	-0.795828591600697	0.168942970663004	-4.71063453233671	0.00000246946723839288	0.000725894750002173
nbisL1-transcript-8817	128.250808284602	-4.0006668810838	0.980833470900289	-4.0788441664941	0.0000452601612317215	0.00710807710259232
nbisL1-transcript-884	693.819148936724	1.20723756286094	0.354623168465287	3.40428282812299	0.000663380273022258	0.042545290737307
nbisL1-transcript-8983	433.12058224226	-3.80138185674957	0.824616296122405	-4.6098796187085	0.00000402902201112321	0.00110383468089209
nbisL1-transcript-9090	334.849952702466	0.641503088852174	0.129648303173707	4.94802533584006	0.000000749701524445103	0.000286354332170291
nbisL1-transcript-9119	1769.7661670347	0.876570632421947	0.249058496103266	3.51953716149678	0.000432300470231424	0.0324200123450293
nbisL1-transcript-9130	293.189884325633	-18.4508729408701	3.2204885755308	-5.72921546161023	0.0000000100896174602913	0.00000558272382572473
nbisL1-transcript-9149	179.502494661433	-2.34269650330242	0.672128340877667	-3.48548983999592	0.000491236877698483	0.0350942112703127
nbisL1-transcript-9150	114.694948878229	-3.16231475751764	0.845014378839783	-3.74232064767885	0.000182328658246356	0.0181012972651056
nbisL1-transcript-9312	586.421784052852	0.756716473608291	0.221242975887533	3.42029603684667	0.00062553023501148	0.0412967843752718
nbisL1-transcript-9404	52.8148352941256	1.51724977222147	0.413672923426361	3.66775219333775	0.000244692159278067	0.021922162989203
nbisL1-transcript-9448	49.4592981054284	-4.70552278539007	1.27762285575996	-3.68302959216482	0.000230478392382434	0.0211164602423374
nbisL1-transcript-9458	4924.33388885719	1.20751835426399	0.359401807206455	3.35980045189462	0.000779987879947346	0.0475388293395986
nbisL1-transcript-9485	1320.14671840586	-1.52242925574353	0.378408809827785	-4.02323946008656	0.0000574030795905485	0.0083497809431221
nbisL1-transcript-9528	475.381770219342	-3.07207921416038	0.757518680041729	-4.05545010981267	0.0000500378522303451	0.00748579228225774
nbisL1-transcript-9561	72.5014062797575	-1.1129416344351	0.328536254479934	-3.38757631542631	0.000705130972461272	0.0442400222942463
nbisL1-transcript-9597	14920.5562464272	-0.73342292536966	0.18721562408737	-3.91753054236214	0.000089460714015228	0.0111211096422719
nbisL1-transcript-9607	620.251206145193	-0.576483265528893	0.17024009656985	-3.38629545650169	0.000708430661330829	0.0443263965234915
nbisL1-transcript-9611	20.2675464508877	-6.64644603454196	1.9342129693335	-3.43625347359356	0.000589818866356143	0.0399139054908969
nbisL1-transcript-9662	17.4261643113047	-6.43740116550013	1.71694381970964	-3.74933710212417	0.000177302621740756	0.0178053476259872
nbisL1-transcript-9742	17.2816369505775	-18.3619137548376	3.55214970455926	-5.16923983560424	0.000000235048095708687	0.000105282892266721
